################################################
# ITK-SnAP Label Description File
# File format: 
# IDX   -R-  -G-  -B-  -A--  VIS MSH  LABEL
# Fields: 
#    IDX:   Zero-based index 
#    -R-:   Red color component (0..255)
#    -G-:   Green color component (0..255)
#    -B-:   Blue color component (0..255)
#    -A-:   Label transparency (0.00 .. 1.00)
#    VIS:   Label visibility (0 or 1)
#    IDX:   Label mesh visibility (0 or 1)
#  LABEL:   Label description 
################################################
    0     0    0    0        0  0  0    "Clear Label - Air"
    1    24  222  255        1  1  1    "Spleen"
    2   110  255   20        1  1  1    "Kidney"
    3   110  255   20        1  1  1    "Kidney"
    4   248  255   39        1  1  1    "Organ"
    5   255    0  165        1  1  1    "Liver"
    6   113   65   28        1  1  1    "Organ"
    7   113   65   28        1  1  1    "Gland"
    8    83    0    0        1  1  1    "Gland"
    9    83    0    0        1  1  1    "Gland"
   10     0  142    0        1  1  1    "Lungs"
   11     0  142    0        1  1  1    "Lungs"
   12   255    0   37        1  1  1    "Lungs"
   13   255    0   37        1  1  1    "Lungs"
   14   128  128    0        1  1  1    "Esophagus"
   15   128  128    0        1  1  1    "Trachea"
   16     0  128  128        1  1  1    "Gland"
   17     0  128  128        1  1  1    "Organ"
   18   128    0  128        1  1  1    "Organ"
   19   128    0  128        1  1  1    "Organ"
   20   255  128    0        1  1  1    "Organ"
   21   255  128    0        1  1  1    "Organ"
   22   253  204  101        1  1  1    "Bone"
   23   253  204  101        1  1  1    "Organ"
   24     0    0  127        1  1  1    "Bone"
   25     0    0  127        1  1  1    "Bone"
   26   230  200  229        1  1  1    "Bone"
   27   230  200  229        1  1  1    "Bone"
   28   178  230  229        1  1  1    "Bone"
   29   178  230  229        1  1  1    "Bone"
   32   255   64  254        1  1  1    "Bone"
   33   255   64  254        1  1  1    "Bone"
   34     0    0  244        1  1  1    "Bone"
   35     0    0  244        1  1  1    "Bone"
   39   204  102  254        1  1  1    "Bone"
   40   212  251  121        1  1  1    "Bone"
   41     0  143   81        1  1  1    "Bone"
   42     2  248    0        1  1  1    "Bone"
   43     0  143   81        1  1  1    "Bone"
   44   212  251  121        1  1  1    "Bone"
   45     2  248    0        1  1  1    "Bone"
   46    16  128  254        1  1  1    "Bone"
   47    16  128  254        1  1  1    "Bone"
   48    16  128  254        1  1  1    "Heart"
   51   148   55  255        1  1  1    ""
   52    32  254  254        1  1  1    ""
   53   148   55  255        1  1  1    ""
   54    32  254  254        1  1  1    ""
   72   255  255  255        1  1  1    ""
   74   255  147    0        1  1  1    ""
   76   255   38    0        1  1  1    ""
  100   255  255   10        1  1  1    ""
  101     0    0  244        1  1  1    ""
  102   204  102  254        1  1  1    ""
  103   212  251  121        1  1  1    ""
  104     0  143   81        1  1  1    ""
  105     2  248    0        1  1  1    ""
  106     0  143   81        1  1  1    ""
  107   212  251  121        1  1  1    ""
  108     2  248    0        1  1  1    ""
  109    16  128  254        1  1  1    ""
  110    16  128  254        1  1  1    ""
  111   148   55  255        1  1  1    ""
  112    32  254  254        1  1  1    ""
  113   148   55  255        1  1  1    ""
  114    32  254  254        1  1  1    ""
  115   255  255  255        1  1  1    ""
  256   255  147    0        1  1  1    ""
  264   255   38    0        1  1  1    ""
  289   255  255   10        1  1  1    ""